48
251
383
389
456
561
704
997
1001
1018
1041
1081
1083
1102
1104
1107
1111
1112
1114
1121
1138
1162
1171
1183
1196
1201
1213
1246
1251
1276
1295
1315
1318
1324
1333
1357
1375
1377
1382
1385
1393
1396
1402
1407
1469
1477
1481
1486
1489
1506
1508
1509
1510
1528
1531
1547
1549
1550
1551
1555
1557
1559
1567
1570
1576
1577
1587
1589
1622
1626
1627
1630
1633
1635
1639
1640
1646
1647
1650
1656
1661
1667
1668
1669
1671
1674
1677
1680
1686
1688
1695
1696
1697
1698
1702
1703
1705
1710
1712
1720
1723
1725
1728
1732
1736
1739
1743
1744
1753
1755
1756
1758
1761
1763
1764
1765
1766
1768
1769
1771
1775
1777
1778
1781
1782
1783
1786
1787
1790
1793
1797
1801
1804
1807
1810
1811
1813
1815
1817
1818
1820
1821
1822
1823
1825
1826
1831
1832
1833
1835
1837
1839
1840
1842
1846
1850
1852
1857
1860
1864
1870
1881
1882
1883
1885
1890
1895
1897
1899
1906
1909
1925
1930
1933
1939
1941
1942
1943
1945
1949
1953
1960
1961
1964
1965
1966
1970
1971
1974
1975
1977
1982
1984
1986
1988
1990
1992
1994
1997
2010